,Ch_A,Ch_B,SyncVal
87,3,134,0.857217715569
112,4,134,0.857217715569
137,5,134,0.857217715569
161,6,134,0.857217715569
211,7,134,0.857217715569
245,8,134,0.857217715569
278,9,134,0.857217715569
536,18,149,0.794882997695
562,19,149,0.794882997695
587,20,149,0.794882997695
611,21,149,0.794882997695
629,21,26,0.471302108508
657,22,26,0.471302108508
661,22,149,0.794882997695
684,23,26,0.400616687903
696,23,213,0.73441748867
709,24,281,0.675700198901
710,24,26,0.471302108508
728,24,149,0.794882997695
733,25,281,0.675700198901
734,25,345,0.734189374471
735,25,26,0.471302108508
748,25,93,0.792899170974
760,26,90,0.471302108508
761,26,154,0.471302108508
762,26,218,0.471302108508
763,26,282,0.471302108508
764,26,346,0.471302108508
765,26,27,0.27878745607
766,26,91,0.471302108508
767,26,155,0.471302108508
768,26,219,0.471302108508
770,26,28,0.471302108508
771,26,92,0.471302108508
772,26,156,0.471302108508
773,26,220,0.471302108508
774,26,29,0.471302108508
779,26,31,0.303241114257
780,26,89,0.471302108508
781,26,153,0.471302108508
782,26,217,0.471302108508
784,26,88,0.471302108508
785,26,152,0.471302108508
786,26,216,0.471302108508
787,26,87,0.471302108508
788,26,151,0.920831946755
801,27,93,0.950413240792
802,27,157,0.479022991788
805,27,94,0.624341464654
809,27,32,0.810460068263
826,28,93,0.792899170974
827,28,157,0.591321733628
831,28,94,0.606858624906
836,28,159,0.952601301083
837,28,32,0.688370167176
839,28,33,0.658408450616
850,29,93,0.792899170974
851,29,157,0.591321733628
856,29,94,0.606858624906
862,29,159,0.952601301083
863,29,223,0.628865358755
864,29,32,0.688370167176
866,29,160,0.671458360222
867,29,33,0.658408450616
869,29,34,0.658408450616
880,30,94,0.726554337762
881,30,158,0.83165486895
899,30,35,0.678340322345
901,30,157,0.717058790177
912,31,223,0.67978264709
915,31,32,0.815636620202
917,31,160,0.990236881415
920,31,33,0.781294265759
923,31,225,0.855803384144
924,31,34,0.781294265759
927,31,35,0.573891659789
929,31,36,0.525356207626
930,31,94,0.651750423206
934,31,93,0.973107645373
935,31,157,0.503692006484
940,32,96,0.688370167176
942,32,224,0.822297817293
943,32,288,0.688370167176
944,32,352,0.688370167176
946,32,97,0.688370167176
949,32,289,0.688370167176
951,32,98,0.688370167176
955,32,99,0.688370167176
956,32,163,0.688370167176
960,32,95,0.688370167176
961,32,159,0.483606038645
967,32,93,0.222969564877
969,32,92,0.688370167176
970,33,97,0.658408450616
973,33,289,0.658408450616
974,33,353,0.658408450616
976,33,98,0.658408450616
981,33,99,0.658408450616
982,33,163,0.658408450616
986,33,164,0.658408450616
987,33,37,0.218487268243
988,33,101,0.218919993096
989,33,38,0.267026357511
990,33,96,0.658408450616
992,33,224,0.840686358148
993,33,288,0.658408450616
994,33,95,0.658408450616
995,33,159,0.53851384045
999,33,93,0.277700877876
1000,34,98,0.658408450616
1002,34,226,0.989544672869
1004,34,354,0.282754713342
1006,34,99,0.658408450616
1007,34,163,0.658408450616
1012,34,164,0.658408450616
1013,34,228,0.658408450616
1014,34,37,0.24700612146
1015,34,101,0.246060484492
1017,34,38,0.267026357511
1018,34,102,0.988504559546
1019,34,39,0.862815824406
1020,34,97,0.658408450616
1021,34,161,0.965489285291
1023,34,289,0.658408450616
1024,34,96,0.658408450616
1026,34,224,0.840686358148
1027,34,95,0.658408450616
1028,34,159,0.53851384045
1030,35,99,0.643317240129
1031,35,163,0.643317240129
1034,35,355,0.57410207061
1036,35,100,0.734150876033
1037,35,164,0.643317240129
1038,35,228,0.643317240129
1043,35,229,0.643317240129
1044,35,38,0.237210846707
1045,35,102,0.659078015547
1046,35,166,0.643317240129
1047,35,39,0.816176033304
1048,35,103,0.914814458098
1050,35,98,0.643317240129
1051,35,162,0.677582978756
1052,35,226,0.659887001005
1054,35,97,0.643317240129
1055,35,161,0.769638500888
1057,35,96,0.643317240129
1059,35,95,0.643317240129
1061,36,164,0.548712097864
1062,36,228,0.548712097864
1063,36,292,0.515428089414
1064,36,356,0.548712097864
1068,36,229,0.548712097864
1069,36,293,0.548712097864
1072,36,166,0.548712097864
1073,36,230,0.548712097864
1074,36,39,0.432168985059
1080,36,99,0.548712097864
1081,36,163,0.548712097864
1084,36,98,0.548712097864
1087,36,97,0.548712097864
1088,36,161,0.902316334537
1089,36,96,0.548712097864
1092,37,229,0.763233491757
1093,37,293,0.763233491757
1097,37,166,0.763233491757
1098,37,230,0.763233491757
1099,37,294,0.763233491757
1100,37,39,0.915098181818
1103,37,231,0.763233491757
1106,37,168,0.888509282493
1108,37,105,0.763233491757
1109,37,42,0.293760759035
1111,37,164,0.763233491757
1112,37,228,0.763233491757
1114,37,99,0.763233491757
1115,37,163,0.763233491757
1116,37,227,0.314465648855
1117,37,98,0.763233491757
1119,37,97,0.763233491757
1120,38,102,0.632919049793
1121,38,166,0.790218270065
1122,38,230,0.790218270065
1123,38,294,0.790218270065
1124,38,358,0.790218270065
1125,38,39,0.513989122724
1128,38,231,0.790218270065
1129,38,295,0.790218270065
1132,38,168,0.718049083955
1133,38,232,0.790218270065
1135,38,105,0.790218270065
1136,38,169,0.748991630132
1137,38,42,0.291910903669
1139,38,43,0.23765729585
1142,38,229,0.790218270065
1143,38,293,0.790218270065
1145,38,164,0.790218270065
1146,38,228,0.790218270065
1147,38,99,0.790218270065
1148,38,163,0.790218270065
1149,38,98,0.790218270065
1162,39,169,0.428804279421
1164,39,42,0.95579521824
1165,39,106,0.478178646197
1167,39,43,0.429169444716
1169,39,44,0.851811775685
1174,39,101,0.743403093722
1188,40,233,0.722
1208,40,165,0.711535764376
1212,41,233,0.732460648892
1245,42,43,0.655827251495
1246,42,107,0.671458360222
1249,42,299,0.738377620193
1253,42,236,0.671458360222
1255,42,109,0.786542115209
1256,42,173,0.674614446874
1258,42,110,0.671458360222
1260,42,105,0.671458360222
1263,42,297,0.718088330182
1265,42,168,0.776755050746
1266,42,232,0.671458360222
1275,43,44,0.664190018542
1280,43,45,0.659293306521
1283,43,237,0.556643948216
1284,43,46,0.683583841179
1287,43,47,0.652362224852
1289,43,48,0.753537832311
1290,43,106,0.326953907816
1295,43,169,0.827182627457
1302,44,236,0.669588507426
1304,44,364,0.961792973777
1306,44,109,0.784791352293
1307,44,173,0.672736374202
1311,44,110,0.669588507426
1313,44,238,0.221895198523
1315,44,111,0.669588507426
1316,44,175,0.715708212985
1318,44,112,0.669588507426
1320,44,107,0.669588507426
1323,44,299,0.736351481727
1325,44,170,0.961792973777
1327,44,105,0.669588507426
1330,45,109,0.784791352293
1331,45,173,0.672736374202
1336,45,110,0.669588507426
1339,45,302,0.770729683075
1341,45,111,0.669588507426
1342,45,175,0.715708212985
1345,45,112,0.669588507426
1346,45,176,0.669588507426
1348,45,113,0.669588507426
1352,45,236,0.669588507426
1354,45,107,0.669588507426
1358,45,170,0.961792973777
1359,45,105,0.669588507426
1360,46,110,0.65655164001
1363,46,302,0.756054136694
1364,46,366,0.65655164001
1366,46,111,0.65655164001
1367,46,175,0.701911455617
1369,46,303,0.65655164001
1371,46,112,0.65655164001
1372,46,176,0.65655164001
1373,46,240,0.65655164001
1375,46,113,0.65655164001
1378,46,114,0.65655164001
1380,46,109,0.769518241882
1381,46,173,0.659642129565
1386,46,236,0.65655164001
1387,46,107,0.65655164001
1390,47,111,0.674151458313
1391,47,175,0.745011899799
1393,47,303,0.674151458313
1394,47,367,0.674151458313
1396,47,112,0.674151458313
1397,47,176,0.674151458313
1398,47,240,0.674151458313
1399,47,304,0.674151458313
1401,47,113,0.674151458313
1403,47,241,0.281616546969
1405,47,114,0.674151458313
1406,47,178,0.674151458313
1408,47,115,0.674151458313
1409,47,52,0.29042013476
1410,47,110,0.674151458313
1412,47,238,0.224764370125
1413,47,302,0.775310356471
1414,47,109,0.78906456423
1415,47,173,0.691106657543
1419,47,107,0.674151458313
1420,48,112,0.662695927729
1421,48,176,0.662695927729
1422,48,240,0.662695927729
1423,48,304,0.662695927729
1426,48,113,0.662695927729
1427,48,177,0.798164473511
1428,48,241,0.31128540305
1431,48,114,0.662695927729
1432,48,178,0.662695927729
1433,48,242,0.30168297456
1435,48,115,0.662695927729
1437,48,52,0.264511627907
1438,48,116,0.662695927729
1440,48,111,0.662695927729
1441,48,175,0.610041195093
1442,48,239,0.797235340432
1443,48,303,0.662695927729
1444,48,110,0.662695927729
1447,48,109,0.60615634182
1448,48,173,0.567097530423
1449,48,108,0.832181751093
1450,49,113,0.675203624461
1452,49,241,0.406543909673
1454,49,369,0.329148773006
1456,49,114,0.675203624461
1457,49,178,0.675203624461
1458,49,242,0.296499236786
1459,49,306,0.862395888946
1461,49,115,0.675203624461
1464,49,52,0.263249163092
1465,49,116,0.675203624461
1466,49,180,0.675203624461
1468,49,117,0.675203624461
1469,49,54,0.675203624461
1470,49,112,0.675203624461
1471,49,176,0.675203624461
1472,49,240,0.675203624461
1473,49,304,0.675203624461
1474,49,111,0.675203624461
1475,49,175,0.746750206758
1477,49,110,0.675203624461
1479,49,109,0.79101050212
1480,50,114,0.675203624461
1481,50,178,0.675203624461
1482,50,242,0.296499236786
1483,50,306,0.79296074346
1486,50,115,0.675203624461
1490,50,52,0.263249163092
1491,50,116,0.675203624461
1492,50,180,0.675203624461
1493,50,244,0.675203624461
1495,50,117,0.675203624461
1496,50,181,0.675203624461
1497,50,54,0.675203624461
1498,50,118,0.675203624461
1499,50,55,0.675203624461
1500,50,113,0.675203624461
1502,50,241,0.27816645289
1504,50,112,0.675203624461
1505,50,176,0.675203624461
1506,50,240,0.675203624461
1507,50,111,0.675203624461
1508,50,175,0.746750206758
1509,50,110,0.675203624461
1510,51,115,0.666743195757
1512,51,243,0.81936670144
1514,51,371,0.666743195757
1515,51,52,0.279291553134
1516,51,116,0.666743195757
1517,51,180,0.666743195757
1518,51,244,0.666743195757
1521,51,117,0.666743195757
1522,51,181,0.666743195757
1523,51,245,0.666743195757
1524,51,54,0.666743195757
1525,51,118,0.666743195757
1526,51,182,0.666743195757
1527,51,55,0.666743195757
1528,51,119,0.666743195757
1529,51,56,0.666743195757
1530,51,114,0.666743195757
1531,51,178,0.666743195757
1532,51,242,0.320075110959
1533,51,306,0.818985849057
1534,51,113,0.666743195757
1536,51,241,0.344320188346
1537,51,112,0.666743195757
1538,51,176,0.666743195757
1539,51,111,0.666743195757
1540,52,116,0.79641155109
1541,52,180,0.79641155109
1542,52,244,0.79641155109
1543,52,308,0.216052760137
1544,52,372,0.824407120107
1546,52,117,0.79641155109
1547,52,181,0.79641155109
1548,52,245,0.79641155109
1549,52,309,0.79641155109
1550,52,54,0.79641155109
1551,52,118,0.79641155109
1552,52,182,0.79641155109
1553,52,246,0.79641155109
1554,52,55,0.79641155109
1555,52,119,0.79641155109
1556,52,183,0.79641155109
1557,52,56,0.79641155109
1558,52,120,0.79641155109
1559,52,57,0.79641155109
1560,52,115,0.79641155109
1563,52,307,0.917107208872
1564,52,114,0.79641155109
1565,52,178,0.79641155109
1567,52,113,0.79641155109
1569,52,112,0.79641155109
1589,53,58,0.352801432637
1619,54,59,0.914389498292
1628,54,179,0.499150267466
1647,55,59,0.914389498292
1674,56,59,0.914389498292
1700,57,59,0.914389498292
1720,58,122,0.692385786802
1726,58,123,0.600388061689
1751,59,187,0.914389498292
1752,59,251,0.914389498292
1753,59,315,0.914389498292
1754,59,379,0.914389498292
1755,59,60,0.914389498292
1756,59,124,0.914389498292
1757,59,188,0.914389498292
1762,59,189,0.914389498292
1763,59,253,0.914389498292
1764,59,62,0.914389498292
1765,59,126,0.914389498292
1766,59,190,0.914389498292
1767,59,63,0.914389498292
1768,59,127,0.914389498292
1770,59,186,0.914389498292
1771,59,250,0.914389498292
1773,59,121,0.914389498292
1774,59,185,0.914389498292
1775,59,249,0.914389498292
1776,59,120,0.914389498292
1777,59,184,0.914389498292
1778,59,119,0.914389498292
1782,60,316,0.541458413431
1815,61,318,0.406320091909
1943,66,134,0.857217715569
1973,67,134,0.857217715569
2005,68,134,0.857217715569
2038,69,134,0.857217715569
2070,70,134,0.279082107349
2075,70,71,0.252870130924
2109,71,135,0.408640913879
2178,72,134,0.857217715569
2221,73,134,0.857217715569
2263,74,134,0.857217715569
2590,83,149,0.794882997695
2623,84,149,0.794882997695
2655,85,149,0.794882997695
2748,87,281,0.675700198901
2750,87,26,0.471302108508
2763,87,149,0.794882997695
2781,88,281,0.675700198901
2782,88,345,0.734189374471
2784,88,26,0.471302108508
2795,88,93,0.792899170974
2806,88,149,0.794882997695
2813,89,281,0.675700198901
2814,89,345,0.734189374471
2815,89,409,0.675624437257
2817,89,26,0.471302108508
2831,89,93,0.792899170974
2833,89,157,0.591321733628
2834,89,94,0.606858624906
2848,89,149,0.794882997695
2849,90,26,0.471302108508
2866,90,93,0.792899170974
2868,90,157,0.591321733628
2870,90,94,0.606858624906
2877,90,281,0.675700198901
2878,90,345,0.734189374471
2900,91,93,0.792899170974
2902,91,157,0.591321733628
2905,91,94,0.606858624906
2911,91,159,0.952601301083
2913,91,26,0.471302108508
2921,91,281,0.675700198901
2933,92,93,0.792899170974
2935,92,157,0.591321733628
2939,92,94,0.606858624906
2946,92,159,0.952601301083
2947,92,223,0.628865358755
2949,92,32,0.688370167176
2950,92,160,0.671458360222
2957,92,26,0.471302108508
2966,93,29,0.792899170974
2968,93,221,0.901112443094
2969,93,285,0.792899170974
2970,93,349,0.792899170974
2976,93,286,0.792899170974
2977,93,350,0.792899170974
2978,93,95,0.792899170974
2979,93,31,0.973107645373
2980,93,159,0.486156202144
2983,93,96,0.792899170974
2984,93,32,0.222969564877
2985,93,160,0.406120171674
2986,93,224,0.753318864651
2987,93,97,0.792899170974
2988,93,33,0.277700877876
2990,93,98,0.792899170974
2991,93,28,0.792899170974
2992,93,156,0.792899170974
2993,93,220,0.792899170974
2994,93,284,0.792899170974
2995,93,348,0.792899170974
2996,93,27,0.950413240792
2997,93,155,0.792899170974
2998,93,219,0.792899170974
3001,93,154,0.792899170974
3002,93,218,0.792899170974
3003,93,25,0.792899170974
3004,93,153,0.792899170974
3005,94,30,0.726554337762
3006,94,158,0.630428704726
3008,94,286,0.606858624906
3009,94,350,0.606858624906
3011,94,95,0.606858624906
3012,94,31,0.651750423206
3013,94,159,0.409495305164
3016,94,351,0.606858624906
3017,94,96,0.606858624906
3020,94,224,0.718174717369
3021,94,288,0.606858624906
3022,94,97,0.606858624906
3026,94,98,0.606858624906
3028,94,162,0.723198956469
3029,94,99,0.606858624906
3030,94,29,0.606858624906
3032,94,221,0.465758104308
3033,94,285,0.606858624906
3034,94,349,0.606858624906
3035,94,28,0.606858624906
3036,94,156,0.606858624906
3037,94,220,0.606858624906
3038,94,284,0.606858624906
3039,94,27,0.624341464654
3040,94,155,0.606858624906
3041,94,219,0.606858624906
3043,94,154,0.606858624906
3045,95,159,0.952601301083
3046,95,223,0.628865358755
3051,95,32,0.688370167176
3052,95,160,0.671458360222
3057,95,33,0.658408450616
3059,95,225,0.571953711643
3062,95,34,0.658408450616
3066,95,35,0.643317240129
3075,95,157,0.591321733628
3083,96,32,0.688370167176
3084,96,160,0.671458360222
3090,96,33,0.658408450616
3092,96,225,0.571953711643
3096,96,34,0.658408450616
3101,96,35,0.643317240129
3103,96,227,0.667720510671
3105,96,36,0.548712097864
3107,96,101,0.788971560713
3109,96,159,0.952601301083
3110,96,223,0.628865358755
3118,96,157,0.591321733628
3122,97,33,0.658408450616
3124,97,225,0.571953711643
3129,97,34,0.658408450616
3133,97,354,0.800796634984
3135,97,35,0.643317240129
3137,97,227,0.667720510671
3138,97,291,0.65655164001
3140,97,36,0.548712097864
3143,97,101,0.788971560713
3144,97,37,0.763233491757
3147,97,32,0.688370167176
3148,97,160,0.671458360222
3153,97,159,0.952601301083
3154,97,223,0.628865358755
3160,97,157,0.591321733628
3161,98,34,0.658408450616
3165,98,354,0.800796634984
3166,98,418,0.767025964508
3168,98,35,0.643317240129
3170,98,227,0.667720510671
3171,98,291,0.65655164001
3174,98,36,0.548712097864
3178,98,101,0.788971560713
3179,98,37,0.763233491757
3183,98,38,0.790218270065
3186,98,33,0.658408450616
3188,98,225,0.571953711643
3191,98,32,0.688370167176
3192,98,160,0.671458360222
3196,98,159,0.952601301083
3197,98,223,0.628865358755
3200,99,35,0.643317240129
3202,99,227,0.667720510671
3203,99,291,0.65655164001
3207,99,36,0.548712097864
3212,99,101,0.788971560713
3213,99,37,0.763233491757
3218,99,38,0.790218270065
3225,99,34,0.658408450616
3229,99,354,0.800796634984
3230,99,33,0.658408450616
3232,99,225,0.571953711643
3234,99,32,0.688370167176
3235,99,160,0.671458360222
3238,99,159,0.952601301083
3245,100,101,0.929311334924
3256,100,103,0.867359718081
3258,100,167,0.862243902439
3264,100,35,0.734150876033
3280,101,229,0.788971560713
3281,101,293,0.788971560713
3282,101,357,0.77739726866
3286,101,166,0.788971560713
3287,101,230,0.788971560713
3288,101,294,0.788971560713
3289,101,358,0.788971560713
3291,101,39,0.743403093722
3293,101,231,0.788971560713
3294,101,295,0.788971560713
3297,101,168,0.690585880841
3298,101,232,0.788971560713
3299,101,105,0.788971560713
3301,101,169,0.965763582966
3304,101,164,0.788971560713
3305,101,228,0.788971560713
3307,101,356,0.788971560713
3309,101,163,0.788971560713
3310,101,227,0.274270328487
3311,101,291,0.297039438142
3312,101,34,0.246060484492
3315,101,33,0.218919993096
3317,102,38,0.632919049793
3340,102,170,0.958162414541
3351,102,35,0.659078015547
3354,102,34,0.988504559546
3361,103,423,0.836793374966
3371,103,233,0.392220366362
3376,103,234,0.872444444444
3393,103,35,0.914814458098
3403,104,169,0.471669980119
3406,104,361,0.912747032526
3407,104,106,0.993185835055
3430,104,165,0.637859608746
3438,105,361,0.447957114974
3439,105,425,0.794882997695
3440,105,106,0.479425427058
3441,105,42,0.671458360222
3444,105,298,0.672621207694
3452,105,44,0.669588507426
3456,105,45,0.669588507426
3468,105,38,0.790218270065
3471,105,37,0.763233491757
3477,106,362,0.588180257511
3479,106,107,0.479425427058
3480,106,43,0.326953907816
3483,106,299,0.334711882909
3484,106,363,0.790947176685
3488,106,236,0.479425427058
3490,106,109,0.374156713952
3492,106,173,0.528020935039
3494,106,110,0.479425427058
3497,106,111,0.479425427058
3499,106,169,0.631637785616
3501,106,297,0.397177847937
3504,106,168,0.276809074236
3505,106,232,0.479425427058
3506,106,296,0.479425427058
3507,106,39,0.478178646197
3509,106,231,0.479425427058
3511,106,166,0.479425427058
3519,107,44,0.669588507426
3525,107,45,0.669588507426
3527,107,237,0.730331575837
3528,107,301,0.718801010274
3530,107,46,0.65655164001
3532,107,238,0.745805344965
3534,107,47,0.674151458313
3537,107,42,0.671458360222
3540,107,298,0.672621207694
3552,108,172,0.543388710035
3573,108,48,0.832181751093
3583,108,234,0.580151912075
3587,108,233,0.392220366362
3590,109,45,0.784791352293
3592,109,237,0.853427052425
3593,109,301,0.840718401799
3594,109,365,0.971531687923
3597,109,46,0.769518241882
3599,109,238,0.914934093685
3600,109,302,0.49252449498
3603,109,47,0.78906456423
3608,109,48,0.60615634182
3612,109,49,0.79101050212
3615,109,44,0.784791352293
3624,109,42,0.786542115209
3629,110,46,0.65655164001
3631,110,238,0.745805344965
3636,110,47,0.674151458313
3642,110,48,0.662695927729
3647,110,49,0.675203624461
3649,110,241,0.820827328481
3651,110,50,0.675203624461
3654,110,45,0.669588507426
3656,110,237,0.730331575837
3657,110,301,0.718801010274
3658,110,365,0.677595965715
3659,110,44,0.669588507426
3666,110,42,0.671458360222
3668,111,47,0.674151458313
3675,111,48,0.662695927729
3679,111,368,0.728405347693
3681,111,49,0.675203624461
3683,111,241,0.820827328481
3684,111,305,0.710022238357
3686,111,50,0.675203624461
3688,111,242,0.845870974728
3690,111,51,0.666743195757
3691,111,179,0.499150267466
3693,111,46,0.65655164001
3695,111,238,0.745805344965
3698,111,45,0.669588507426
3700,111,237,0.730331575837
3701,111,301,0.718801010274
3702,111,44,0.669588507426
3707,112,48,0.662695927729
3711,112,368,0.728405347693
3714,112,49,0.675203624461
3716,112,241,0.820827328481
3717,112,305,0.710022238357
3718,112,369,0.771319083497
3720,112,50,0.675203624461
3722,112,242,0.845870974728
3725,112,51,0.666743195757
3726,112,179,0.499150267466
3729,112,52,0.79641155109
3732,112,47,0.674151458313
3737,112,46,0.65655164001
3739,112,238,0.745805344965
3741,112,45,0.669588507426
3743,112,237,0.730331575837
3744,112,44,0.669588507426
3746,113,49,0.675203624461
3748,113,241,0.820827328481
3749,113,305,0.710022238357
3750,113,369,0.771319083497
3753,113,50,0.675203624461
3755,113,242,0.845870974728
3759,113,51,0.666743195757
3760,113,179,0.499150267466
3764,113,52,0.79641155109
3771,113,48,0.662695927729
3775,113,368,0.728405347693
3776,113,47,0.674151458313
3780,113,46,0.65655164001
3782,113,238,0.745805344965
3783,113,45,0.669588507426
3785,114,50,0.675203624461
3787,114,242,0.845870974728
3790,114,434,0.545573490095
3792,114,51,0.666743195757
3793,114,179,0.499150267466
3798,114,52,0.79641155109
3801,114,308,0.603120973893
3810,114,49,0.675203624461
3812,114,241,0.820827328481
3813,114,305,0.710022238357
3814,114,369,0.771319083497
3815,114,48,0.662695927729
3819,114,47,0.674151458313
3822,114,46,0.65655164001
3824,115,51,0.666743195757
3825,115,179,0.499150267466
3831,115,52,0.79641155109
3834,115,308,0.603120973893
3849,115,50,0.675203624461
3851,115,242,0.845870974728
3854,115,49,0.675203624461
3856,115,241,0.820827328481
3857,115,305,0.710022238357
3858,115,48,0.662695927729
3861,115,47,0.674151458313
3863,116,52,0.79641155109
3866,116,308,0.603120973893
3888,116,51,0.666743195757
3889,116,179,0.499150267466
3893,116,50,0.675203624461
3895,116,242,0.845870974728
3897,116,49,0.675203624461
3899,116,241,0.820827328481
3900,116,48,0.662695927729
3927,117,52,0.79641155109
3930,117,308,0.603120973893
3932,117,51,0.666743195757
3933,117,179,0.499150267466
3936,117,50,0.675203624461
3938,117,242,0.845870974728
3939,117,49,0.675203624461
3971,118,52,0.79641155109
3974,118,308,0.603120973893
3975,118,51,0.666743195757
3976,118,179,0.499150267466
3978,118,50,0.675203624461
4002,119,59,0.914389498292
4014,119,52,0.79641155109
4017,119,51,0.666743195757
4018,119,179,0.499150267466
4024,120,440,0.502434414259
4037,120,59,0.914389498292
4056,120,52,0.79641155109
4063,121,441,0.804827699751
4071,121,59,0.914389498292
4097,122,58,0.692385786802
4147,123,380,0.611196217826
4160,123,58,0.600388061689
4177,124,316,0.541458413431
4195,124,59,0.914389498292
4219,125,318,0.239588859085
4260,126,316,0.541458413431
4261,126,59,0.914389498292
4284,127,59,0.914389498292
4343,129,134,0.857217715569
4375,130,134,0.857217715569
4410,131,134,0.857217715569
4448,132,134,0.857217715569
4487,133,134,0.857217715569
4526,134,70,0.279082107349
4527,134,6,0.857217715569
4528,134,198,0.857217715569
4529,134,262,0.857217715569
4530,134,326,0.857217715569
4531,134,390,0.857217715569
4532,134,454,0.857217715569
4533,134,135,0.42202401343
4535,134,7,0.857217715569
4536,134,199,0.857217715569
4537,134,263,0.857217715569
4538,134,327,0.857217715569
4539,134,391,0.857217715569
4540,134,136,0.857217715569
4541,134,72,0.857217715569
4542,134,8,0.857217715569
4543,134,200,0.857217715569
4544,134,264,0.857217715569
4545,134,328,0.857217715569
4546,134,137,0.857217715569
4547,134,73,0.857217715569
4548,134,9,0.857217715569
4549,134,201,0.857217715569
4550,134,265,0.857217715569
4551,134,138,0.857217715569
4552,134,74,0.857217715569
4553,134,202,0.857217715569
4554,134,139,0.857217715569
4555,134,69,0.857217715569
4556,134,5,0.857217715569
4557,134,197,0.857217715569
4558,134,261,0.857217715569
4559,134,325,0.857217715569
4560,134,389,0.857217715569
4561,134,68,0.857217715569
4562,134,4,0.857217715569
4563,134,196,0.857217715569
4564,134,260,0.857217715569
4565,134,324,0.857217715569
4566,134,67,0.857217715569
4567,134,3,0.857217715569
4568,134,195,0.857217715569
4569,134,259,0.857217715569
4570,134,66,0.857217715569
4571,134,194,0.857217715569
4572,135,71,0.408640913879
5014,144,149,0.794882997695
5057,145,149,0.794882997695
5098,146,149,0.794882997695
5138,147,149,0.794882997695
5177,148,149,0.794882997695
5216,149,85,0.794882997695
5217,149,21,0.794882997695
5219,149,277,0.251734839452
5220,149,341,0.794882997695
5221,149,405,0.794882997695
5222,149,469,0.794882997695
5225,149,22,0.794882997695
5228,149,342,0.794882997695
5229,149,406,0.794882997695
5231,149,87,0.794882997695
5233,149,215,0.794882997695
5235,149,343,0.794882997695
5236,149,152,0.794882997695
5237,149,88,0.794882997695
5238,149,24,0.794882997695
5239,149,216,0.794882997695
5240,149,280,0.794882997695
5241,149,153,0.794882997695
5242,149,89,0.794882997695
5243,149,217,0.794882997695
5244,149,154,0.794882997695
5245,149,84,0.794882997695
5246,149,20,0.794882997695
5247,149,212,0.794882997695
5248,149,276,0.794882997695
5249,149,340,0.794882997695
5250,149,404,0.794882997695
5251,149,83,0.794882997695
5252,149,19,0.794882997695
5253,149,211,0.794882997695
5254,149,275,0.794882997695
5255,149,339,0.921850881247
5257,149,18,0.794882997695
5258,149,210,0.794882997695
5259,149,274,0.794882997695
5261,149,209,0.794882997695
5330,151,26,0.920831946755
5346,151,277,0.415470577571
5365,152,281,0.675700198901
5366,152,345,0.734189374471
5367,152,409,0.675624437257
5370,152,26,0.471302108508
5382,152,157,0.591321733628
5403,153,281,0.675700198901
5404,153,345,0.734189374471
5405,153,409,0.675624437257
5406,153,473,0.65655164001
5409,153,26,0.471302108508
5425,153,157,0.591321733628
5426,153,93,0.792899170974
5447,154,26,0.471302108508
5466,154,157,0.591321733628
5467,154,93,0.792899170974
5472,154,94,0.606858624906
5474,154,159,0.952601301083
5478,154,281,0.675700198901
5479,154,345,0.734189374471
5480,154,409,0.675624437257
5506,155,157,0.591321733628
5507,155,93,0.792899170974
5513,155,94,0.606858624906
5517,155,159,0.952601301083
5519,155,223,0.628865358755
5520,155,160,0.671458360222
5522,155,26,0.471302108508
5530,155,281,0.675700198901
5531,155,345,0.734189374471
5545,156,157,0.591321733628
5546,156,93,0.792899170974
5553,156,94,0.606858624906
5558,156,159,0.952601301083
5561,156,223,0.628865358755
5563,156,160,0.671458360222
5574,156,26,0.471302108508
5581,156,281,0.675700198901
5585,157,29,0.591321733628
5586,157,221,0.516254609303
5587,157,285,0.591321733628
5588,157,349,0.591321733628
5589,157,413,0.718169389138
5590,157,477,0.695529360651
5591,157,158,0.621244259316
5593,157,30,0.717058790177
5595,157,286,0.591321733628
5596,157,350,0.591321733628
5598,157,159,0.418223350254
5599,157,95,0.591321733628
5600,157,31,0.503692006484
5603,157,351,0.591321733628
5605,157,96,0.591321733628
5607,157,224,0.719778234086
5608,157,288,0.591321733628
5609,157,161,0.672974453887
5610,157,97,0.591321733628
5612,157,162,0.713713624076
5613,157,92,0.591321733628
5614,157,28,0.591321733628
5615,157,220,0.591321733628
5616,157,284,0.591321733628
5617,157,348,0.591321733628
5618,157,412,0.591321733628
5619,157,91,0.591321733628
5620,157,27,0.479022991788
5621,157,219,0.591321733628
5622,157,283,0.818267641682
5623,157,347,0.819303034014
5624,157,90,0.591321733628
5626,157,218,0.591321733628
5627,157,282,0.591321733628
5628,157,89,0.591321733628
5629,157,217,0.591321733628
5630,158,94,0.630428704726
5631,158,30,0.83165486895
5653,158,225,0.59520377314
5655,158,162,0.801191342655
5664,158,413,0.841793842035
5676,159,95,0.952601301083
5680,159,351,0.952601301083
5681,159,415,0.952601301083
5682,159,479,0.952601301083
5683,159,160,0.851898632341
5684,159,96,0.952601301083
5685,159,32,0.483606038645
5686,159,224,0.784998646087
5687,159,288,0.952601301083
5688,159,352,0.952601301083
5689,159,416,0.952601301083
5691,159,97,0.952601301083
5692,159,33,0.53851384045
5693,159,225,0.372408914043
5694,159,289,0.952601301083
5695,159,353,0.952601301083
5697,159,98,0.952601301083
5698,159,34,0.53851384045
5701,159,163,0.952601301083
5702,159,99,0.952601301083
5703,159,227,0.863070104754
5704,159,164,0.952601301083
5705,159,94,0.409495305164
5708,159,286,0.952601301083
5709,159,350,0.952601301083
5710,159,414,0.835088282504
5711,159,93,0.486156202144
5712,159,29,0.952601301083
5714,159,285,0.952601301083
5715,159,349,0.952601301083
5716,159,92,0.952601301083
5717,159,28,0.952601301083
5718,159,220,0.952601301083
5719,159,284,0.952601301083
5720,159,91,0.952601301083
5721,159,219,0.952601301083
5722,160,96,0.671458360222
5724,160,224,0.98526463964
5725,160,288,0.671458360222
5726,160,352,0.671458360222
5727,160,416,0.671458360222
5728,160,480,0.671458360222
5730,160,97,0.671458360222
5733,160,289,0.671458360222
5734,160,353,0.671458360222
5735,160,417,0.671458360222
5737,160,98,0.671458360222
5741,160,354,0.335340295283
5742,160,163,0.671458360222
5743,160,99,0.671458360222
5747,160,164,0.671458360222
5749,160,228,0.671458360222
5751,160,95,0.671458360222
5752,160,31,0.990236881415
5755,160,351,0.671458360222
5756,160,415,0.671458360222
5760,160,286,0.671458360222
5761,160,350,0.671458360222
5762,160,93,0.406120171674
5763,160,29,0.671458360222
5764,160,221,0.831922372542
5765,160,285,0.671458360222
5766,160,92,0.671458360222
5767,160,220,0.671458360222
5770,161,225,0.732052729472
5777,161,34,0.965489285291
5780,161,354,0.954892749973
5784,161,35,0.769638500888
5790,161,36,0.902316334537
5818,162,354,0.83016971386
5823,162,35,0.677582978756
5845,162,225,0.479700501693
5858,162,94,0.723198956469
5861,163,35,0.643317240129
5862,163,227,0.667720510671
5863,163,291,0.65655164001
5869,163,36,0.548712097864
5875,163,101,0.788971560713
5876,163,37,0.763233491757
5882,163,38,0.790218270065
5890,163,34,0.658408450616
5893,163,354,0.800796634984
5894,163,418,0.767025964508
5896,163,33,0.658408450616
5897,163,225,0.571953711643
5901,163,32,0.688370167176
5905,163,223,0.628865358755
5907,164,36,0.548712097864
5914,164,101,0.788971560713
5915,164,37,0.763233491757
5922,164,38,0.790218270065
5936,164,35,0.643317240129
5937,164,227,0.667720510671
5938,164,291,0.65655164001
5942,164,34,0.658408450616
5945,164,354,0.800796634984
5947,164,33,0.658408450616
5948,164,225,0.571953711643
5973,165,104,0.637859608746
5974,165,40,0.711535764376
5977,165,169,0.819763227833
5999,166,38,0.790218270065
6003,166,422,0.896206168316
6024,166,106,0.479425427058
6027,166,101,0.788971560713
6028,166,37,0.763233491757
6034,166,36,0.548712097864
6039,166,35,0.643317240129
6040,166,227,0.667720510671
6041,166,291,0.65655164001
6049,167,423,0.831661237785
6061,167,233,0.392432210915
6067,167,234,0.867331346519
6072,167,172,0.831661237785
6084,167,100,0.862243902439
6102,168,361,0.455985578846
6103,168,425,0.936448813312
6105,168,106,0.276809074236
6106,168,42,0.776755050746
6108,168,298,0.807655398319
6114,168,299,0.715775970679
6126,168,38,0.718049083955
6130,168,101,0.690585880841
6131,168,37,0.888509282493
6140,169,361,0.588578171935
6144,169,106,0.631637785616
6148,169,362,0.42942202186
6152,169,43,0.827182627457
6155,169,363,0.335230304108
6165,169,104,0.471669980119
6170,169,424,0.911968742932
6172,169,39,0.428804279421
6177,169,38,0.748991630132
6180,169,101,0.965763582966
6198,170,44,0.961792973777
6204,170,45,0.961792973777
6226,170,102,0.958162414541
6230,171,235,0.88514028663
6232,171,363,0.8229536546
6265,171,233,0.373564343873
6274,172,108,0.543388710035
6297,172,239,0.999503722084
6302,172,177,0.994489947878
6305,172,235,0.64393442623
6321,173,45,0.672736374202
6322,173,237,0.733745255856
6323,173,301,0.722164422629
6324,173,365,0.679238981297
6329,173,46,0.659642129565
6330,173,238,0.749286345347
6336,173,47,0.691106657543
6342,173,48,0.567097530423
6347,173,241,0.824632531644
6350,173,44,0.672736374202
6360,173,106,0.528020935039
6361,173,42,0.674614446874
6363,173,298,0.723326149542
6393,174,242,0.775925708478
6404,174,300,0.806287356322
6413,175,47,0.745011899799
6421,175,48,0.610041195093
6424,175,368,0.828974084316
6428,175,49,0.746750206758
6429,175,241,0.95160120797
6430,175,305,0.780158756344
6431,175,369,0.794546538562
6434,175,50,0.746750206758
6435,175,242,0.807862788412
6437,175,179,0.526318868124
6442,175,46,0.701911455617
6443,175,238,0.796113834798
6448,175,45,0.715708212985
6449,175,237,0.80723639569
6450,175,301,0.818491093468
6451,175,365,0.786418231778
6453,175,44,0.715708212985
6459,176,48,0.662695927729
6462,176,368,0.728405347693
6467,176,49,0.675203624461
6468,176,241,0.820827328481
6469,176,305,0.710022238357
6470,176,369,0.771319083497
6474,176,50,0.675203624461
6475,176,242,0.845870974728
6478,176,179,0.499150267466
6480,176,51,0.666743195757
6488,176,47,0.674151458313
6494,176,46,0.65655164001
6495,176,238,0.745805344965
6499,176,45,0.669588507426
6500,176,237,0.730331575837
6501,176,301,0.718801010274
6509,177,433,0.964208178439
6528,177,308,0.838019276115
6534,177,48,0.798164473511
6551,178,50,0.675203624461
6552,178,242,0.845870974728
6555,178,434,0.545573490095
6557,178,179,0.499150267466
6559,178,51,0.666743195757
6566,178,52,0.79641155109
6568,178,308,0.603120973893
6580,178,49,0.675203624461
6581,178,241,0.820827328481
6582,178,305,0.710022238357
6583,178,369,0.771319083497
6586,178,48,0.662695927729
6589,178,368,0.728405347693
6591,178,47,0.674151458313
6595,178,238,0.745805344965
6596,179,115,0.499150267466
6599,179,307,0.7755
6600,179,371,0.499150267466
6601,179,435,0.499150267466
6602,179,499,0.499150267466
6603,179,180,0.499150267466
6604,179,116,0.499150267466
6606,179,244,0.499150267466
6609,179,436,0.499150267466
6610,179,181,0.499150267466
6611,179,117,0.499150267466
6613,179,245,0.499150267466
6614,179,309,0.499150267466
6616,179,182,0.499150267466
6617,179,118,0.499150267466
6618,179,54,0.499150267466
6619,179,246,0.499150267466
6620,179,310,0.499150267466
6621,179,183,0.499150267466
6622,179,119,0.499150267466
6623,179,247,0.499150267466
6624,179,184,0.499150267466
6625,179,114,0.499150267466
6628,179,306,0.522489826677
6629,179,370,0.62309061858
6631,179,113,0.499150267466
6636,179,112,0.499150267466
6638,179,240,0.499150267466
6639,179,304,0.499150267466
6640,179,111,0.499150267466
6643,180,52,0.79641155109
6645,180,308,0.603120973893
6648,180,500,0.675203624461
6672,180,51,0.666743195757
6678,180,50,0.675203624461
6679,180,242,0.845870974728
6683,180,49,0.675203624461
6684,180,241,0.820827328481
6685,180,305,0.710022238357
6718,181,52,0.79641155109
6720,181,308,0.603120973893
6724,181,51,0.666743195757
6729,181,50,0.675203624461
6730,181,242,0.845870974728
6733,181,241,0.820827328481
6770,182,52,0.79641155109
6772,182,308,0.603120973893
6775,182,51,0.666743195757
6779,182,242,0.845870974728
6793,183,440,0.502434414259
6821,183,52,0.79641155109
6823,183,308,0.603120973893
6831,184,440,0.502434414259
6839,184,441,0.804827699751
6848,184,59,0.914389498292
6877,185,441,0.804827699751
6885,185,442,0.626333417199
6888,185,59,0.914389498292
6896,185,316,0.541458413431
6906,185,440,0.502434414259
6923,186,442,0.626333417199
6927,186,59,0.914389498292
6931,186,443,0.7240792664
6936,186,316,0.541458413431
6952,186,441,0.804827699751
6965,187,59,0.914389498292
6969,187,443,0.7240792664
6975,187,316,0.541458413431
6997,187,442,0.626333417199
7012,188,316,0.541458413431
7035,188,59,0.914389498292
7039,188,443,0.7240792664
7074,189,316,0.541458413431
7078,189,59,0.914389498292
7111,190,316,0.541458413431
7114,190,59,0.914389498292
7140,191,316,0.541458413431
7243,194,134,0.857217715569
7283,195,134,0.857217715569
7315,196,516,0.969529085873
7325,196,134,0.857217715569
7368,197,134,0.857217715569
7410,198,134,0.857217715569
7493,199,134,0.857217715569
7551,200,134,0.857217715569
7608,201,134,0.857217715569
7663,202,134,0.857217715569
8000,209,149,0.794882997695
8046,210,149,0.794882997695
8090,211,149,0.794882997695
8133,212,149,0.794882997695
8178,213,277,0.219183487965
8194,213,23,0.73441748867
8297,215,281,0.675700198901
8298,215,345,0.734189374471
8299,215,409,0.675624437257
8316,215,149,0.794882997695
8340,216,281,0.675700198901
8341,216,345,0.734189374471
8342,216,409,0.675624437257
8343,216,473,0.65655164001
8347,216,26,0.471302108508
8373,216,149,0.794882997695
8382,217,281,0.675700198901
8383,217,345,0.734189374471
8384,217,409,0.675624437257
8385,217,473,0.65655164001
8390,217,26,0.471302108508
8408,217,157,0.591321733628
8428,217,149,0.794882997695
8432,218,26,0.471302108508
8454,218,157,0.591321733628
8455,218,93,0.792899170974
8461,218,223,0.628865358755
8465,218,281,0.675700198901
8466,218,345,0.734189374471
8467,218,409,0.675624437257
8468,218,473,0.65655164001
8498,219,157,0.591321733628
8499,219,93,0.792899170974
8506,219,94,0.606858624906
8509,219,223,0.628865358755
8510,219,159,0.952601301083
8515,219,26,0.471302108508
8523,219,281,0.675700198901
8524,219,345,0.734189374471
8525,219,409,0.675624437257
8541,220,157,0.591321733628
8542,220,93,0.792899170974
8550,220,94,0.606858624906
8554,220,414,0.677079031174
8555,220,223,0.628865358755
8556,220,159,0.952601301083
8561,220,160,0.671458360222
8563,220,225,0.571953711643
8573,220,26,0.471302108508
8579,220,281,0.675700198901
8580,220,345,0.734189374471
8583,221,157,0.516254609303
8584,221,93,0.901112443094
8593,221,94,0.465758104308
8597,221,414,0.838783779985
8599,221,223,0.445702880225
8607,221,160,0.831922372542
8611,221,225,0.63618324509
8633,221,281,0.738747066817
8642,222,223,0.966497295209
8650,222,224,0.650786808009
8664,222,290,0.343903223447
8686,223,95,0.628865358755
8687,223,31,0.67978264709
8688,223,287,0.967985319683
8689,223,351,0.628865358755
8690,223,415,0.628865358755
8691,223,479,0.628865358755
8693,223,224,0.437689311986
8695,223,96,0.628865358755
8697,223,288,0.628865358755
8698,223,352,0.628865358755
8699,223,416,0.628865358755
8700,223,480,0.628865358755
8703,223,97,0.628865358755
8705,223,289,0.628865358755
8706,223,353,0.628865358755
8707,223,417,0.628865358755
8710,223,98,0.628865358755
8714,223,163,0.628865358755
8715,223,291,0.205881564246
8716,223,228,0.628865358755
8720,223,286,0.628865358755
8721,223,350,0.628865358755
8723,223,478,0.628865358755
8726,223,29,0.628865358755
8727,223,285,0.628865358755
8728,223,349,0.628865358755
8730,223,156,0.628865358755
8731,223,92,0.628865358755
8732,223,284,0.628865358755
8733,223,348,0.628865358755
8734,223,155,0.628865358755
8736,224,160,0.98526463964
8738,224,32,0.822297817293
8744,224,225,0.680841121495
8747,224,33,0.840686358148
8755,224,34,0.840686358148
8756,224,290,0.957191011236
8757,224,354,0.572508130859
8758,224,418,0.899292378858
8759,224,227,0.987414084507
8762,224,291,0.993741534989
8766,224,292,0.308958812996
8768,224,159,0.784998646087
8771,224,287,0.653499764484
8776,224,94,0.718174717369
8780,224,414,0.98200281294
8781,224,157,0.719778234086
8782,224,93,0.753318864651
8787,225,161,0.732052729472
8788,225,97,0.571953711643
8790,225,289,0.571953711643
8791,225,353,0.571953711643
8792,225,417,0.571953711643
8793,225,481,0.476646742036
8794,225,545,0.336836118023
8795,225,226,0.477304991788
8796,225,162,0.479700501693
8797,225,98,0.571953711643
8800,225,354,0.212098142628
8804,225,163,0.571953711643
8805,225,99,0.571953711643
8808,225,355,0.8575818451
8809,225,419,0.571953711643
8810,225,228,0.571953711643
8811,225,164,0.571953711643
8813,225,292,0.87976339139
8814,225,356,0.571953711643
8815,225,229,0.571953711643
8817,225,293,0.571953711643
8818,225,230,0.571953711643
8820,225,96,0.571953711643
8822,225,288,0.571953711643
8823,225,352,0.571953711643
8824,225,416,0.571953711643
8825,225,480,0.571953711643
8826,225,159,0.372408914043
8827,225,95,0.571953711643
8828,225,31,0.855803384144
8830,225,351,0.571953711643
8831,225,415,0.571953711643
8832,225,158,0.59520377314
8834,225,286,0.571953711643
8835,225,350,0.571953711643
8837,225,285,0.571953711643
8840,226,34,0.989544672869
8842,226,354,0.65250904705
8849,226,35,0.659887001005
8889,227,163,0.667720510671
8890,227,99,0.667720510671
8893,227,355,0.986171283721
8894,227,419,0.667720510671
8897,227,228,0.667720510671
8898,227,164,0.667720510671
8902,227,356,0.667720510671
8903,227,420,0.667720510671
8904,227,484,0.667720510671
8905,227,229,0.667720510671
8907,227,101,0.274270328487
8908,227,37,0.314465648855
8909,227,293,0.667720510671
8910,227,357,0.987468450676
8912,227,230,0.667720510671
8913,227,166,0.667720510671
8915,227,294,0.667720510671
8916,227,358,0.667720510671
8917,227,231,0.667720510671
8919,227,295,0.667720510671
8920,227,232,0.667720510671
8922,227,98,0.667720510671
8925,227,354,0.340086486486
8926,227,418,0.326219512195
8929,227,97,0.667720510671
8931,227,289,0.667720510671
8932,227,353,0.667720510671
8933,227,417,0.667720510671
8935,227,96,0.667720510671
8936,227,288,0.667720510671
8937,227,352,0.667720510671
8938,227,159,0.863070104754
8942,228,36,0.548712097864
8950,228,101,0.788971560713
8951,228,37,0.763233491757
8959,228,38,0.790218270065
8962,228,422,0.896206168316
